# WIMBA impedance
# columns: frequency[Hz]  Re(Z)[Ohm]  Im(Z)[Ohm]
 1.00000000e+08  0.00000000e+00 -2.00000000e-05
 1.01750766e+08  0.00000000e+00 -1.96558716e-05
 1.03532184e+08  0.00000000e+00 -1.93176645e-05
 1.05344791e+08  0.00000000e+00 -1.89852767e-05
 1.07189132e+08  0.00000000e+00 -1.86586081e-05
 1.09065763e+08  0.00000000e+00 -1.83375602e-05
 1.10975250e+08  0.00000000e+00 -1.80220365e-05
 1.12918167e+08  0.00000000e+00 -1.77119418e-05
 1.14895100e+08  0.00000000e+00 -1.74071827e-05
 1.16906645e+08  0.00000000e+00 -1.71076675e-05
 1.18953407e+08  0.00000000e+00 -1.68133058e-05
 1.21036003e+08  0.00000000e+00 -1.65240090e-05
 1.23155060e+08  0.00000000e+00 -1.62396900e-05
 1.25311218e+08  0.00000000e+00 -1.59602631e-05
 1.27505124e+08  0.00000000e+00 -1.56856441e-05
 1.29737441e+08  0.00000000e+00 -1.54157504e-05
 1.32008840e+08  0.00000000e+00 -1.51505005e-05
 1.34320006e+08  0.00000000e+00 -1.48898147e-05
 1.36671636e+08  0.00000000e+00 -1.46336143e-05
 1.39064437e+08  0.00000000e+00 -1.43818222e-05
 1.41499130e+08  0.00000000e+00 -1.41343625e-05
 1.43976449e+08  0.00000000e+00 -1.38911608e-05
 1.46497140e+08  0.00000000e+00 -1.36521437e-05
 1.49061962e+08  0.00000000e+00 -1.34172392e-05
 1.51671689e+08  0.00000000e+00 -1.31863765e-05
 1.54327106e+08  0.00000000e+00 -1.29594862e-05
 1.57029012e+08  0.00000000e+00 -1.27364999e-05
 1.59778223e+08  0.00000000e+00 -1.25173503e-05
 1.62575567e+08  0.00000000e+00 -1.23019716e-05
 1.65421885e+08  0.00000000e+00 -1.20902987e-05
 1.68318035e+08  0.00000000e+00 -1.18822680e-05
 1.71264891e+08  0.00000000e+00 -1.16778167e-05
 1.74263339e+08  0.00000000e+00 -1.14768833e-05
 1.77314282e+08  0.00000000e+00 -1.12794072e-05
 1.80418641e+08  0.00000000e+00 -1.10853290e-05
 1.83577350e+08  0.00000000e+00 -1.08945902e-05
 1.86791360e+08  0.00000000e+00 -1.07071334e-05
 1.90061640e+08  0.00000000e+00 -1.05229019e-05
 1.93389175e+08  0.00000000e+00 -1.03418405e-05
 1.96774967e+08  0.00000000e+00 -1.01638945e-05
 2.00220037e+08  0.00000000e+00 -9.98901023e-06
 2.03725422e+08  0.00000000e+00 -9.81713514e-06
 2.07292178e+08  0.00000000e+00 -9.64821741e-06
 2.10921379e+08  0.00000000e+00 -9.48220614e-06
 2.14614120e+08  0.00000000e+00 -9.31905134e-06
 2.18371511e+08  0.00000000e+00 -9.15870384e-06
 2.22194686e+08  0.00000000e+00 -9.00111535e-06
 2.26084796e+08  0.00000000e+00 -8.84623839e-06
 2.30043012e+08  0.00000000e+00 -8.69402632e-06
 2.34070527e+08  0.00000000e+00 -8.54443326e-06
 2.38168555e+08  0.00000000e+00 -8.39741417e-06
 2.42338330e+08  0.00000000e+00 -8.25292475e-06
 2.46581108e+08  0.00000000e+00 -8.11092147e-06
 2.50898166e+08  0.00000000e+00 -7.97136156e-06
 2.55290807e+08  0.00000000e+00 -7.83420298e-06
 2.59760352e+08  0.00000000e+00 -7.69940441e-06
 2.64308149e+08  0.00000000e+00 -7.56692523e-06
 2.68935567e+08  0.00000000e+00 -7.43672555e-06
 2.73644000e+08  0.00000000e+00 -7.30876614e-06
 2.78434867e+08  0.00000000e+00 -7.18300845e-06
 2.83309610e+08  0.00000000e+00 -7.05941461e-06
 2.88269699e+08  0.00000000e+00 -6.93794736e-06
 2.93316628e+08  0.00000000e+00 -6.81857014e-06
 2.98451916e+08  0.00000000e+00 -6.70124697e-06
 3.03677112e+08  0.00000000e+00 -6.58594251e-06
 3.08993788e+08  0.00000000e+00 -6.47262203e-06
 3.14403547e+08  0.00000000e+00 -6.36125139e-06
 3.19908018e+08  0.00000000e+00 -6.25179703e-06
 3.25508860e+08  0.00000000e+00 -6.14422600e-06
 3.31207759e+08  0.00000000e+00 -6.03850587e-06
 3.37006433e+08  0.00000000e+00 -5.93460482e-06
 3.42906628e+08  0.00000000e+00 -5.83249152e-06
 3.48910121e+08  0.00000000e+00 -5.73213523e-06
 3.55018722e+08  0.00000000e+00 -5.63350572e-06
 3.61234270e+08  0.00000000e+00 -5.53657326e-06
 3.67558638e+08  0.00000000e+00 -5.44130866e-06
 3.73993730e+08  0.00000000e+00 -5.34768323e-06
 3.80541486e+08  0.00000000e+00 -5.25566876e-06
 3.87203878e+08  0.00000000e+00 -5.16523752e-06
 3.93982913e+08  0.00000000e+00 -5.07636228e-06
 4.00880633e+08  0.00000000e+00 -4.98901627e-06
 4.07899116e+08  0.00000000e+00 -4.90317317e-06
 4.15040476e+08  0.00000000e+00 -4.81880712e-06
 4.22306864e+08  0.00000000e+00 -4.73589271e-06
 4.29700470e+08  0.00000000e+00 -4.65440496e-06
 4.37223521e+08  0.00000000e+00 -4.57431932e-06
 4.44878283e+08  0.00000000e+00 -4.49561167e-06
 4.52667062e+08  0.00000000e+00 -4.41825829e-06
 4.60592204e+08  0.00000000e+00 -4.34223589e-06
 4.68656097e+08  0.00000000e+00 -4.26752156e-06
 4.76861170e+08  0.00000000e+00 -4.19409280e-06
 4.85209894e+08  0.00000000e+00 -4.12192749e-06
 4.93704785e+08  0.00000000e+00 -4.05100388e-06
 5.02348402e+08  0.00000000e+00 -3.98130061e-06
 5.11143348e+08  0.00000000e+00 -3.91279669e-06
 5.20092274e+08  0.00000000e+00 -3.84547147e-06
 5.29197874e+08  0.00000000e+00 -3.77930468e-06
 5.38462891e+08  0.00000000e+00 -3.71427638e-06
 5.47890118e+08  0.00000000e+00 -3.65036699e-06
 5.57482393e+08  0.00000000e+00 -3.58755725e-06
 5.67242607e+08  0.00000000e+00 -3.52582824e-06
 5.77173699e+08  0.00000000e+00 -3.46516136e-06
 5.87278661e+08  0.00000000e+00 -3.40553834e-06
 5.97560538e+08  0.00000000e+00 -3.34694123e-06
 6.08022426e+08  0.00000000e+00 -3.28935236e-06
 6.18667478e+08  0.00000000e+00 -3.23275438e-06
 6.29498899e+08  0.00000000e+00 -3.17713026e-06
 6.40519953e+08  0.00000000e+00 -3.12246323e-06
 6.51733960e+08  0.00000000e+00 -3.06873682e-06
 6.63144299e+08  0.00000000e+00 -3.01593485e-06
 6.74754405e+08  0.00000000e+00 -2.96404141e-06
 6.86567778e+08  0.00000000e+00 -2.91304088e-06
 6.98587975e+08  0.00000000e+00 -2.86291788e-06
 7.10818617e+08  0.00000000e+00 -2.81365731e-06
 7.23263390e+08  0.00000000e+00 -2.76524435e-06
 7.35926041e+08  0.00000000e+00 -2.71766440e-06
 7.48810386e+08  0.00000000e+00 -2.67090313e-06
 7.61920305e+08  0.00000000e+00 -2.62494645e-06
 7.75259749e+08  0.00000000e+00 -2.57978052e-06
 7.88832735e+08  0.00000000e+00 -2.53539174e-06
 8.02643352e+08  0.00000000e+00 -2.49176673e-06
 8.16695761e+08  0.00000000e+00 -2.44889235e-06
 8.30994195e+08  0.00000000e+00 -2.40675568e-06
 8.45542961e+08  0.00000000e+00 -2.36534404e-06
 8.60346442e+08  0.00000000e+00 -2.32464494e-06
 8.75409097e+08  0.00000000e+00 -2.28464612e-06
 8.90735464e+08  0.00000000e+00 -2.24533555e-06
 9.06330160e+08  0.00000000e+00 -2.20670136e-06
 9.22197882e+08  0.00000000e+00 -2.16873194e-06
 9.38343412e+08  0.00000000e+00 -2.13141583e-06
 9.54771611e+08  0.00000000e+00 -2.09474180e-06
 9.71487431e+08  0.00000000e+00 -2.05869879e-06
 9.88495905e+08  0.00000000e+00 -2.02327596e-06
 1.00580216e+09  0.00000000e+00 -1.98846263e-06
 1.02341140e+09  0.00000000e+00 -1.95424831e-06
 1.04132894e+09  0.00000000e+00 -1.92062269e-06
 1.05956018e+09  0.00000000e+00 -1.88757566e-06
 1.07811060e+09  0.00000000e+00 -1.85509724e-06
 1.09698580e+09  0.00000000e+00 -1.82317766e-06
 1.11619146e+09  0.00000000e+00 -1.79180730e-06
 1.13573336e+09  0.00000000e+00 -1.76097672e-06
 1.15561739e+09  0.00000000e+00 -1.73067661e-06
 1.17584955e+09  0.00000000e+00 -1.70089787e-06
 1.19643593e+09  0.00000000e+00 -1.67163151e-06
 1.21738273e+09  0.00000000e+00 -1.64286872e-06
 1.23869625e+09  0.00000000e+00 -1.61460083e-06
 1.26038293e+09  0.00000000e+00 -1.58681933e-06
 1.28244929e+09  0.00000000e+00 -1.55951586e-06
 1.30490198e+09  0.00000000e+00 -1.53268217e-06
 1.32774776e+09  0.00000000e+00 -1.50631020e-06
 1.35099352e+09  0.00000000e+00 -1.48039200e-06
 1.37464626e+09  0.00000000e+00 -1.45491976e-06
 1.39871310e+09  0.00000000e+00 -1.42988580e-06
 1.42320130e+09  0.00000000e+00 -1.40528258e-06
 1.44811823e+09  0.00000000e+00 -1.38110270e-06
 1.47347139e+09  0.00000000e+00 -1.35733887e-06
 1.49926843e+09  0.00000000e+00 -1.33398393e-06
 1.52551712e+09  0.00000000e+00 -1.31103085e-06
 1.55222536e+09  0.00000000e+00 -1.28847270e-06
 1.57940120e+09  0.00000000e+00 -1.26630270e-06
 1.60705282e+09  0.00000000e+00 -1.24451417e-06
 1.63518856e+09  0.00000000e+00 -1.22310054e-06
 1.66381689e+09  0.00000000e+00 -1.20205536e-06
 1.69294643e+09  0.00000000e+00 -1.18137229e-06
 1.72258597e+09  0.00000000e+00 -1.16104510e-06
 1.75274442e+09  0.00000000e+00 -1.14106768e-06
 1.78343088e+09  0.00000000e+00 -1.12143399e-06
 1.81465458e+09  0.00000000e+00 -1.10213813e-06
 1.84642494e+09  0.00000000e+00 -1.08317428e-06
 1.87875153e+09  0.00000000e+00 -1.06453673e-06
 1.91164408e+09  0.00000000e+00 -1.04621986e-06
 1.94511249e+09  0.00000000e+00 -1.02821816e-06
 1.97916687e+09  0.00000000e+00 -1.01052621e-06
 2.01381745e+09  0.00000000e+00 -9.93138676e-07
 2.04907469e+09  0.00000000e+00 -9.76050317e-07
 2.08494920e+09  0.00000000e+00 -9.59255987e-07
 2.12145178e+09  0.00000000e+00 -9.42750627e-07
 2.15859345e+09  0.00000000e+00 -9.26529265e-07
 2.19638537e+09  0.00000000e+00 -9.10587015e-07
 2.23483895e+09  0.00000000e+00 -8.94919074e-07
 2.27396575e+09  0.00000000e+00 -8.79520722e-07
 2.31377758e+09  0.00000000e+00 -8.64387320e-07
 2.35428641e+09  0.00000000e+00 -8.49514311e-07
 2.39550447e+09  0.00000000e+00 -8.34897212e-07
 2.43744415e+09  0.00000000e+00 -8.20531621e-07
 2.48011810e+09  0.00000000e+00 -8.06413211e-07
 2.52353917e+09  0.00000000e+00 -7.92537728e-07
 2.56772044e+09  0.00000000e+00 -7.78900992e-07
 2.61267523e+09  0.00000000e+00 -7.65498896e-07
 2.65841706e+09  0.00000000e+00 -7.52327401e-07
 2.70495973e+09  0.00000000e+00 -7.39382541e-07
 2.75231725e+09  0.00000000e+00 -7.26660416e-07
 2.80050389e+09  0.00000000e+00 -7.14157193e-07
 2.84953417e+09  0.00000000e+00 -7.01869106e-07
 2.89942285e+09  0.00000000e+00 -6.89792452e-07
 2.95018497e+09  0.00000000e+00 -6.77923595e-07
 3.00183581e+09  0.00000000e+00 -6.66258958e-07
 3.05439094e+09  0.00000000e+00 -6.54795027e-07
 3.10786619e+09  0.00000000e+00 -6.43528350e-07
 3.16227766e+09  0.00000000e+00 -6.32455532e-07
