# WIMBA impedance
# columns: frequency[Hz]  Re(Z)[Ohm]  Im(Z)[Ohm]
 1.00000000e+08  5.68888848e-02  2.13333318e+02
 1.01750766e+08  5.91766740e-02  2.17580642e+02
 1.03532184e+08  6.15674425e-02  2.21932310e+02
 1.05344791e+08  6.40666820e-02  2.26392008e+02
 1.07189132e+08  6.66802438e-02  2.30963613e+02
 1.09065763e+08  6.94143679e-02  2.35651203e+02
 1.10975250e+08  7.22757144e-02  2.40459074e+02
 1.12918167e+08  7.52713981e-02  2.45391754e+02
 1.14895100e+08  7.84090264e-02  2.50454018e+02
 1.16906645e+08  8.16967416e-02  2.55650908e+02
 1.18953407e+08  8.51432664e-02  2.60987750e+02
 1.21036003e+08  8.87579547e-02  2.66470178e+02
 1.23155060e+08  9.25508479e-02  2.72104152e+02
 1.25311218e+08  9.65327366e-02  2.77895988e+02
 1.27505124e+08  1.00715229e-01  2.83852379e+02
 1.29737441e+08  1.05110828e-01  2.89980433e+02
 1.32008840e+08  1.09733013e-01  2.96287696e+02
 1.34320006e+08  1.14596338e-01  3.02782194e+02
 1.36671636e+08  1.19716530e-01  3.09472470e+02
 1.39064437e+08  1.25110613e-01  3.16367626e+02
 1.41499130e+08  1.30797033e-01  3.23477370e+02
 1.43976449e+08  1.36795805e-01  3.30812070e+02
 1.46497140e+08  1.43128681e-01  3.38382807e+02
 1.49061962e+08  1.49819328e-01  3.46201445e+02
 1.51671689e+08  1.56893541e-01  3.54280692e+02
 1.54327106e+08  1.64379474e-01  3.62634185e+02
 1.57029012e+08  1.72307907e-01  3.71276576e+02
 1.59778223e+08  1.80712544e-01  3.80223622e+02
 1.62575567e+08  1.89630359e-01  3.89492299e+02
 1.65421885e+08  1.99101980e-01  3.99100920e+02
 1.68318035e+08  2.09172136e-01  4.09069267e+02
 1.71264891e+08  2.19890165e-01  4.19418745e+02
 1.74263339e+08  2.31310595e-01  4.30172550e+02
 1.77314282e+08  2.43493820e-01  4.41355862e+02
 1.80418641e+08  2.56506871e-01  4.52996061e+02
 1.83577350e+08  2.70424314e-01  4.65122971e+02
 1.86791360e+08  2.85329294e-01  4.77769142e+02
 1.90061640e+08  3.01314746e-01  4.90970168e+02
 1.93389175e+08  3.18484819e-01  5.04765048e+02
 1.96774967e+08  3.36956537e-01  5.19196606e+02
 2.00220037e+08  3.56861763e-01  5.34311972e+02
 2.03725422e+08  3.78349518e-01  5.50163131e+02
 2.07292178e+08  4.01588733e-01  5.66807573e+02
 2.10921379e+08  4.26771536e-01  5.84309034e+02
 2.14614120e+08  4.54117181e-01  6.02738366e+02
 2.18371511e+08  4.83876780e-01  6.22174566e+02
 2.22194686e+08  5.16339034e-01  6.42705968e+02
 2.26084796e+08  5.51837191e-01  6.64431673e+02
 2.30043012e+08  5.90757562e-01  6.87463236e+02
 2.34070527e+08  6.33549997e-01  7.11926679e+02
 2.38168555e+08  6.80740860e-01  7.37964921e+02
 2.42338330e+08  7.32949193e-01  7.65740698e+02
 2.46581108e+08  7.90907020e-01  7.95440124e+02
 2.50898166e+08  8.55485032e-01  8.27277036e+02
 2.55290807e+08  9.27725348e-01  8.61498356e+02
 2.59760352e+08  1.00888368e+00  8.98390744e+02
 2.64308149e+08  1.10048413e+00  9.38288916e+02
 2.68935567e+08  1.20439104e+00  9.81586154e+02
 2.73644000e+08  1.32290445e+00  1.02874769e+03
 2.78434867e+08  1.45888827e+00  1.08032795e+03
 2.83309610e+08  1.61594460e+00  1.13699299e+03
 2.88269699e+08  1.79865449e+00  1.19955007e+03
 2.93316628e+08  2.01291549e+00  1.26898713e+03
 2.98451916e+08  2.26642312e+00  1.34652641e+03
 3.03677112e+08  2.56937121e+00  1.43369814e+03
 3.08993788e+08  2.93549226e+00  1.53244419e+03
 3.14403547e+08  3.38364091e+00  1.64526632e+03
 3.19908018e+08  3.94027000e+00  1.77544374e+03
 3.25508860e+08  4.64342456e+00  1.92736039e+03
 3.31207759e+08  5.54941838e+00  2.10701303e+03
 3.37006433e+08  6.74446849e+00  2.32282787e+03
 3.42906628e+08  8.36598980e+00  2.58702954e+03
 3.48910121e+08  1.06439343e+01  2.91805314e+03
 3.55018722e+08  1.39870416e+01  3.34506168e+03
 3.61234270e+08  1.91798343e+01  3.91707793e+03
 3.67558638e+08  2.78886057e+01  4.72335757e+03
 3.73993730e+08  4.41858907e+01  5.94531413e+03
 3.80541486e+08  8.03450376e+01  8.01683072e+03
 3.87203878e+08  1.89084324e+02  1.22976301e+04
 3.93982913e+08  8.69555967e+02  2.63607406e+04
 4.00880633e+08  3.93211395e+04 -1.72947274e+05
 4.07899116e+08  5.22589271e+02 -2.04401154e+04
 4.15040476e+08  1.46699869e+02 -1.08322839e+04
 4.22306864e+08  6.78397966e+01 -7.36662983e+03
 4.29700470e+08  3.89180589e+01 -5.57968928e+03
 4.37223521e+08  2.51933301e+01 -4.48932394e+03
 4.44878283e+08  1.76206552e+01 -3.75449247e+03
 4.52667062e+08  1.30053948e+01 -3.22554596e+03
 4.60592204e+08  9.98641012e+00 -2.82648693e+03
 4.68656097e+08  7.90424249e+00 -2.51462353e+03
 4.76861170e+08  6.40788566e+00 -2.26412620e+03
 4.85209894e+08  5.29655906e+00 -2.05845068e+03
 4.93704785e+08  4.44867338e+00 -1.88650972e+03
 5.02348402e+08  3.78710480e+00 -1.74059458e+03
 5.11143348e+08  3.26101845e+00 -1.61517929e+03
 5.20092274e+08  2.83580480e+00 -1.50619912e+03
 5.29197874e+08  2.48723977e+00 -1.41059762e+03
 5.38462891e+08  2.19795771e+00 -1.32603218e+03
 5.47890118e+08  1.95524661e+00 -1.25067720e+03
 5.57482393e+08  1.74962802e+00 -1.18308890e+03
 5.67242607e+08  1.57391803e+00 -1.12211049e+03
 5.77173699e+08  1.42259153e+00 -1.06680420e+03
 5.87278661e+08  1.29134301e+00 -1.01640186e+03
 5.97560538e+08  1.17677715e+00 -9.70268179e+02
 6.08022426e+08  1.07618734e+00 -9.27873220e+02
 6.18667478e+08  9.87394569e-01 -8.88771444e+02
 6.29498899e+08  9.08628679e-01 -8.52585548e+02
 6.40519953e+08  8.38439623e-01 -8.18993892e+02
 6.51733960e+08  7.75630431e-01 -7.87720600e+02
 6.63144299e+08  7.19205998e-01 -7.58527706e+02
 6.74754405e+08  6.68333557e-01 -7.31208861e+02
 6.86567778e+08  6.22311907e-01 -7.05584253e+02
 6.98587975e+08  5.80547231e-01 -6.81496477e+02
 7.10818617e+08  5.42533944e-01 -6.58807150e+02
 7.23263390e+08  5.07839416e-01 -6.37394128e+02
 7.35926041e+08  4.76091687e-01 -6.17149190e+02
 7.48810386e+08  4.46969536e-01 -5.97976111e+02
 7.61920305e+08  4.20194395e-01 -5.79789047e+02
 7.75259749e+08  3.95523721e-01 -5.62511174e+02
 7.88832735e+08  3.72745549e-01 -5.46073530e+02
 8.02643352e+08  3.51673974e-01 -5.30414041e+02
 8.16695761e+08  3.32145396e-01 -5.15476679e+02
 8.30994195e+08  3.14015386e-01 -5.01210744e+02
 8.45542961e+08  2.97156044e-01 -4.87570248e+02
 8.60346442e+08  2.81453783e-01 -4.74513379e+02
 8.75409097e+08  2.66807442e-01 -4.62002038e+02
 8.90735464e+08  2.53126693e-01 -4.50001434e+02
 9.06330160e+08  2.40330673e-01 -4.38479738e+02
 9.22197882e+08  2.28346816e-01 -4.27407768e+02
 9.38343412e+08  2.17109854e-01 -4.16758726e+02
 9.54771611e+08  2.06560948e-01 -4.06507953e+02
 9.71487431e+08  1.96646946e-01 -3.96632724e+02
 9.88495905e+08  1.87319729e-01 -3.87112061e+02
 1.00580216e+09  1.78535653e-01 -3.77926568e+02
 1.02341140e+09  1.70255055e-01 -3.69058282e+02
 1.04132894e+09  1.62441827e-01 -3.60490548e+02
 1.05956018e+09  1.55063033e-01 -3.52207897e+02
 1.07811060e+09  1.48088587e-01 -3.44195944e+02
 1.09698580e+09  1.41490957e-01 -3.36441296e+02
 1.11619146e+09  1.35244908e-01 -3.28931464e+02
 1.13573336e+09  1.29327277e-01 -3.21654791e+02
 1.15561739e+09  1.23716769e-01 -3.14600381e+02
 1.17584955e+09  1.18393780e-01 -3.07758038e+02
 1.19643593e+09  1.13340239e-01 -3.01118213e+02
 1.21738273e+09  1.08539463e-01 -2.94671951e+02
 1.23869625e+09  1.03976031e-01 -2.88410842e+02
 1.26038293e+09  9.96356712e-02 -2.82326986e+02
 1.28244929e+09  9.55051606e-02 -2.76412951e+02
 1.30490198e+09  9.15722309e-02 -2.70661738e+02
 1.32774776e+09  8.78254876e-02 -2.65066751e+02
 1.35099352e+09  8.42543363e-02 -2.59621767e+02
 1.37464626e+09  8.08489154e-02 -2.54320911e+02
 1.39871310e+09  7.76000359e-02 -2.49158630e+02
 1.42320130e+09  7.44991269e-02 -2.44129670e+02
 1.44811823e+09  7.15381858e-02 -2.39229061e+02
 1.47347139e+09  6.87097339e-02 -2.34452090e+02
 1.49926843e+09  6.60067750e-02 -2.29794290e+02
 1.52551712e+09  6.34227587e-02 -2.25251422e+02
 1.55222536e+09  6.09515463e-02 -2.20819459e+02
 1.57940120e+09  5.85873803e-02 -2.16494575e+02
 1.60705282e+09  5.63248558e-02 -2.12273129e+02
 1.63518856e+09  5.41588951e-02 -2.08151659e+02
 1.66381689e+09  5.20847239e-02 -2.04126863e+02
 1.69294643e+09  5.00978498e-02 -2.00195598e+02
 1.72258597e+09  4.81940425e-02 -1.96354862e+02
 1.75274442e+09  4.63693155e-02 -1.92601792e+02
 1.78343088e+09  4.46199094e-02 -1.88933654e+02
 1.81465458e+09  4.29422767e-02 -1.85347834e+02
 1.84642494e+09  4.13330672e-02 -1.81841832e+02
 1.87875153e+09  3.97891153e-02 -1.78413258e+02
 1.91164408e+09  3.83074280e-02 -1.75059821e+02
 1.94511249e+09  3.68851732e-02 -1.71779327e+02
 1.97916687e+09  3.55196699e-02 -1.68569673e+02
 2.01381745e+09  3.42083786e-02 -1.65428842e+02
 2.04907469e+09  3.29488922e-02 -1.62354897e+02
 2.08494920e+09  3.17389281e-02 -1.59345980e+02
 2.12145178e+09  3.05763205e-02 -1.56400305e+02
 2.15859345e+09  2.94590132e-02 -1.53516154e+02
 2.19638537e+09  2.83850532e-02 -1.50691877e+02
 2.23483895e+09  2.73525845e-02 -1.47925883e+02
 2.27396575e+09  2.63598427e-02 -1.45216643e+02
 2.31377758e+09  2.54051491e-02 -1.42562683e+02
 2.35428641e+09  2.44869065e-02 -1.39962583e+02
 2.39550447e+09  2.36035941e-02 -1.37414973e+02
 2.43744415e+09  2.27537632e-02 -1.34918531e+02
 2.48011810e+09  2.19360336e-02 -1.32471983e+02
 2.52353917e+09  2.11490893e-02 -1.30074098e+02
 2.56772044e+09  2.03916756e-02 -1.27723686e+02
 2.61267523e+09  1.96625950e-02 -1.25419598e+02
 2.65841706e+09  1.89607051e-02 -1.23160723e+02
 2.70495973e+09  1.82849147e-02 -1.20945986e+02
 2.75231725e+09  1.76341820e-02 -1.18774346e+02
 2.80050389e+09  1.70075115e-02 -1.16644798e+02
 2.84953417e+09  1.64039516e-02 -1.14556366e+02
 2.89942285e+09  1.58225926e-02 -1.12508106e+02
 2.95018497e+09  1.52625647e-02 -1.10499102e+02
 3.00183581e+09  1.47230355e-02 -1.08528467e+02
 3.05439094e+09  1.42032085e-02 -1.06595340e+02
 3.10786619e+09  1.37023214e-02 -1.04698887e+02
 3.16227766e+09  1.32196442e-02 -1.02838296e+02
